316
2467
1594
12
8414
5611
7904
4689
6196
5280
5405
9184
3640
6069
1463
3732
3293
4024
5519
9140
9982
6950
1795
929
8643
9704
753
3056
2262
614
7530
9900
825
7139
2901
3631
5520
2713
1243
8220
8868
2960
3555
6627
5628
1910
2451
9426
9295
6949
5285
1497
2752
7659
2522
8875
3764
327
4439
7729
7266
2968
6090
4837
497
92
9585
8802
3101
2703
2435
4542
9156
7152
2095
8083
1502
3034
3813
4414
5831
8191
7010
6045
1460
1050
6527
6917
1514
8786
1338
684
6772
6505
9157
6763
5228
9985
2541
7252
9148
2920
4436
6480
2086
3690
7348
2248
5633
691
7522
2835
3075
8873
2955
8124
9330
949
7184
8233
6784
9479
3071
8868
336
6158
4982
8701
6839
5116
6413
5694
6666
9146
3057
4871
695
3906
4493
9589
8497
6102
2438
1716
4875
4584
2484
1675
1862
8832
